2020/02/22-22:09:45.136004 3b8 RocksDB version: 6.5.3
2020/02/22-22:09:45.136106 3b8 Git sha rocksdb_build_git_sha:@d7766387a8ed4cd8e9cddd5b3b3133cda0b23ba4@
2020/02/22-22:09:45.136125 3b8 Compile date Jan 21 2020
2020/02/22-22:09:45.136145 3b8 DB SUMMARY
2020/02/22-22:09:45.136331 3b8 CURRENT file:  CURRENT
2020/02/22-22:09:45.136349 3b8 IDENTITY file:  IDENTITY
2020/02/22-22:09:45.136400 3b8 MANIFEST file:  MANIFEST-000107 size: 985 Bytes
2020/02/22-22:09:45.136417 3b8 SST files in rocksDB dir, Total Num: 10, files: 000100.sst 000101.sst 000102.sst 000103.sst 000104.sst 000106.sst 000108.sst 000109.sst 000110.sst 
2020/02/22-22:09:45.136433 3b8 Write Ahead Log file in rocksDB: 000112.log size: 2716 ; 
2020/02/22-22:09:45.136448 3b8                         Options.error_if_exists: 0
2020/02/22-22:09:45.136611 3b8                       Options.create_if_missing: 1
2020/02/22-22:09:45.136624 3b8                         Options.paranoid_checks: 1
2020/02/22-22:09:45.136629 3b8                                     Options.env: 0000000000D1C790
2020/02/22-22:09:45.136633 3b8                                Options.info_log: 0000000000D59170
2020/02/22-22:09:45.136638 3b8                Options.max_file_opening_threads: 16
2020/02/22-22:09:45.136642 3b8                              Options.statistics: 0000000000000000
2020/02/22-22:09:45.136646 3b8                               Options.use_fsync: 0
2020/02/22-22:09:45.136650 3b8                       Options.max_log_file_size: 0
2020/02/22-22:09:45.136654 3b8                  Options.max_manifest_file_size: 1073741824
2020/02/22-22:09:45.136658 3b8                   Options.log_file_time_to_roll: 0
2020/02/22-22:09:45.136662 3b8                       Options.keep_log_file_num: 1000
2020/02/22-22:09:45.136666 3b8                    Options.recycle_log_file_num: 0
2020/02/22-22:09:45.136670 3b8                         Options.allow_fallocate: 1
2020/02/22-22:09:45.136674 3b8                        Options.allow_mmap_reads: 0
2020/02/22-22:09:45.136678 3b8                       Options.allow_mmap_writes: 0
2020/02/22-22:09:45.136682 3b8                        Options.use_direct_reads: 0
2020/02/22-22:09:45.136686 3b8                        Options.use_direct_io_for_flush_and_compaction: 0
2020/02/22-22:09:45.136690 3b8          Options.create_missing_column_families: 1
2020/02/22-22:09:45.136694 3b8                              Options.db_log_dir: 
2020/02/22-22:09:45.136698 3b8                                 Options.wal_dir: rocksDB
2020/02/22-22:09:45.136702 3b8                Options.table_cache_numshardbits: 6
2020/02/22-22:09:45.136706 3b8                      Options.max_subcompactions: 1
2020/02/22-22:09:45.136710 3b8                  Options.max_background_flushes: -1
2020/02/22-22:09:45.136717 3b8                         Options.WAL_ttl_seconds: 0
2020/02/22-22:09:45.136721 3b8                       Options.WAL_size_limit_MB: 0
2020/02/22-22:09:45.136724 3b8                        Options.max_write_batch_group_size_bytes: 1048576
2020/02/22-22:09:45.136729 3b8             Options.manifest_preallocation_size: 4194304
2020/02/22-22:09:45.136733 3b8                     Options.is_fd_close_on_exec: 1
2020/02/22-22:09:45.136736 3b8                   Options.advise_random_on_open: 1
2020/02/22-22:09:45.136740 3b8                    Options.db_write_buffer_size: 0
2020/02/22-22:09:45.136745 3b8                    Options.write_buffer_manager: 0000000000D5BE70
2020/02/22-22:09:45.136749 3b8         Options.access_hint_on_compaction_start: 1
2020/02/22-22:09:45.136753 3b8  Options.new_table_reader_for_compaction_inputs: 0
2020/02/22-22:09:45.136756 3b8           Options.random_access_max_buffer_size: 1048576
2020/02/22-22:09:45.136760 3b8                      Options.use_adaptive_mutex: 0
2020/02/22-22:09:45.136764 3b8                            Options.rate_limiter: 0000000000000000
2020/02/22-22:09:45.136769 3b8     Options.sst_file_manager.rate_bytes_per_sec: 0
2020/02/22-22:09:45.136773 3b8                       Options.wal_recovery_mode: 2
2020/02/22-22:09:45.136777 3b8                  Options.enable_thread_tracking: 0
2020/02/22-22:09:45.136817 3b8                  Options.enable_pipelined_write: 0
2020/02/22-22:09:45.136823 3b8                  Options.unordered_write: 0
2020/02/22-22:09:45.136827 3b8         Options.allow_concurrent_memtable_write: 1
2020/02/22-22:09:45.136831 3b8      Options.enable_write_thread_adaptive_yield: 1
2020/02/22-22:09:45.136835 3b8             Options.write_thread_max_yield_usec: 100
2020/02/22-22:09:45.136839 3b8            Options.write_thread_slow_yield_usec: 3
2020/02/22-22:09:45.136843 3b8                               Options.row_cache: None
2020/02/22-22:09:45.136847 3b8                              Options.wal_filter: None
2020/02/22-22:09:45.136851 3b8             Options.avoid_flush_during_recovery: 0
2020/02/22-22:09:45.136855 3b8             Options.allow_ingest_behind: 0
2020/02/22-22:09:45.136859 3b8             Options.preserve_deletes: 0
2020/02/22-22:09:45.136863 3b8             Options.two_write_queues: 0
2020/02/22-22:09:45.136867 3b8             Options.manual_wal_flush: 0
2020/02/22-22:09:45.136871 3b8             Options.atomic_flush: 0
2020/02/22-22:09:45.136874 3b8             Options.avoid_unnecessary_blocking_io: 0
2020/02/22-22:09:45.136879 3b8                 Options.persist_stats_to_disk: 0
2020/02/22-22:09:45.136883 3b8                 Options.write_dbid_to_manifest: 0
2020/02/22-22:09:45.136887 3b8                 Options.log_readahead_size: 0
2020/02/22-22:09:45.136891 3b8             Options.max_background_jobs: 2
2020/02/22-22:09:45.136895 3b8             Options.max_background_compactions: -1
2020/02/22-22:09:45.136899 3b8             Options.avoid_flush_during_shutdown: 0
2020/02/22-22:09:45.136903 3b8           Options.writable_file_max_buffer_size: 1048576
2020/02/22-22:09:45.136906 3b8             Options.delayed_write_rate : 16777216
2020/02/22-22:09:45.136910 3b8             Options.max_total_wal_size: 0
2020/02/22-22:09:45.136914 3b8             Options.delete_obsolete_files_period_micros: 21600000000
2020/02/22-22:09:45.136918 3b8                   Options.stats_dump_period_sec: 600
2020/02/22-22:09:45.136922 3b8                 Options.stats_persist_period_sec: 600
2020/02/22-22:09:45.136926 3b8                 Options.stats_history_buffer_size: 1048576
2020/02/22-22:09:45.136930 3b8                          Options.max_open_files: -1
2020/02/22-22:09:45.136934 3b8                          Options.bytes_per_sync: 0
2020/02/22-22:09:45.136938 3b8                      Options.wal_bytes_per_sync: 0
2020/02/22-22:09:45.136942 3b8                   Options.strict_bytes_per_sync: 0
2020/02/22-22:09:45.136946 3b8       Options.compaction_readahead_size: 0
2020/02/22-22:09:45.136950 3b8 Compression algorithms supported:
2020/02/22-22:09:45.136962 3b8 	kZSTD supported: 1
2020/02/22-22:09:45.136966 3b8 	kSnappyCompression supported: 1
2020/02/22-22:09:45.136970 3b8 	kBZip2Compression supported: 0
2020/02/22-22:09:45.136974 3b8 	kZlibCompression supported: 1
2020/02/22-22:09:45.136978 3b8 	kLZ4Compression supported: 1
2020/02/22-22:09:45.136981 3b8 	kXpressCompression supported: 0
2020/02/22-22:09:45.136985 3b8 	kLZ4HCCompression supported: 1
2020/02/22-22:09:45.136989 3b8 	kZSTDNotFinalCompression supported: 1
2020/02/22-22:09:45.137003 3b8 Fast CRC32 supported: Supported on x86
2020/02/22-22:09:45.137520 3b8 [version_set.cc:4319] Recovering from manifest file: rocksDB/MANIFEST-000107
2020/02/22-22:09:45.137646 3b8 [column_family.cc:489] --------------- Options for column family [default]:
2020/02/22-22:09:45.137658 3b8               Options.comparator: leveldb.BytewiseComparator
2020/02/22-22:09:45.137663 3b8           Options.merge_operator: None
2020/02/22-22:09:45.137667 3b8        Options.compaction_filter: None
2020/02/22-22:09:45.137671 3b8        Options.compaction_filter_factory: None
2020/02/22-22:09:45.137675 3b8         Options.memtable_factory: SkipListFactory
2020/02/22-22:09:45.137679 3b8            Options.table_factory: BlockBasedTable
2020/02/22-22:09:45.137725 3b8            table_factory options:   flush_block_policy_factory: FlushBlockBySizePolicyFactory (0000000000CB72E0)
  cache_index_and_filter_blocks: 0
  cache_index_and_filter_blocks_with_high_priority: 1
  pin_l0_filter_and_index_blocks_in_cache: 0
  pin_top_level_index_and_filter: 1
  index_type: 0
  data_block_index_type: 0
  index_shortening: 1
  data_block_hash_table_util_ratio: 0.750000
  hash_index_allow_collision: 1
  checksum: 1
  no_block_cache: 0
  block_cache: 0000000000D28200
  block_cache_name: LRUCache
  block_cache_options:
    capacity : 8388608
    num_shard_bits : 4
    strict_capacity_limit : 0
    memory_allocator : None
    high_pri_pool_ratio: 0.000
  block_cache_compressed: 0000000000000000
  persistent_cache: 0000000000000000
  block_size: 4096
  block_size_deviation: 10
  block_restart_interval: 16
  index_block_restart_interval: 1
  metadata_block_size: 4096
  partition_filters: 0
  use_delta_encoding: 1
  filter_policy: nullptr
  whole_key_filtering: 1
  verify_compression: 0
  read_amp_bytes_per_bit: 0
  format_version: 2
  enable_index_compression: 1
  block_align: 0
2020/02/22-22:09:45.137754 3b8        Options.write_buffer_size: 67108864
2020/02/22-22:09:45.137759 3b8  Options.max_write_buffer_number: 2
2020/02/22-22:09:45.137764 3b8          Options.compression: Snappy
2020/02/22-22:09:45.137768 3b8                  Options.bottommost_compression: Disabled
2020/02/22-22:09:45.137773 3b8       Options.prefix_extractor: nullptr
2020/02/22-22:09:45.137777 3b8   Options.memtable_insert_with_hint_prefix_extractor: nullptr
2020/02/22-22:09:45.137781 3b8             Options.num_levels: 7
2020/02/22-22:09:45.137785 3b8        Options.min_write_buffer_number_to_merge: 1
2020/02/22-22:09:45.137789 3b8     Options.max_write_buffer_number_to_maintain: 0
2020/02/22-22:09:45.137793 3b8     Options.max_write_buffer_size_to_maintain: 0
2020/02/22-22:09:45.137797 3b8            Options.bottommost_compression_opts.window_bits: -14
2020/02/22-22:09:45.137802 3b8                  Options.bottommost_compression_opts.level: 32767
2020/02/22-22:09:45.137806 3b8               Options.bottommost_compression_opts.strategy: 0
2020/02/22-22:09:45.137810 3b8         Options.bottommost_compression_opts.max_dict_bytes: 0
2020/02/22-22:09:45.137815 3b8         Options.bottommost_compression_opts.zstd_max_train_bytes: 0
2020/02/22-22:09:45.137819 3b8                  Options.bottommost_compression_opts.enabled: false
2020/02/22-22:09:45.137823 3b8            Options.compression_opts.window_bits: -14
2020/02/22-22:09:45.137827 3b8                  Options.compression_opts.level: 32767
2020/02/22-22:09:45.137831 3b8               Options.compression_opts.strategy: 0
2020/02/22-22:09:45.137835 3b8         Options.compression_opts.max_dict_bytes: 0
2020/02/22-22:09:45.137839 3b8         Options.compression_opts.zstd_max_train_bytes: 0
2020/02/22-22:09:45.137844 3b8                  Options.compression_opts.enabled: false
2020/02/22-22:09:45.137848 3b8      Options.level0_file_num_compaction_trigger: 4
2020/02/22-22:09:45.137852 3b8          Options.level0_slowdown_writes_trigger: 20
2020/02/22-22:09:45.137856 3b8              Options.level0_stop_writes_trigger: 36
2020/02/22-22:09:45.137860 3b8                   Options.target_file_size_base: 67108864
2020/02/22-22:09:45.137864 3b8             Options.target_file_size_multiplier: 1
2020/02/22-22:09:45.137868 3b8                Options.max_bytes_for_level_base: 268435456
2020/02/22-22:09:45.137872 3b8                      Options.snap_refresh_nanos: 0
2020/02/22-22:09:45.137876 3b8 Options.level_compaction_dynamic_level_bytes: 0
2020/02/22-22:09:45.137880 3b8          Options.max_bytes_for_level_multiplier: 10.000000
2020/02/22-22:09:45.137885 3b8 Options.max_bytes_for_level_multiplier_addtl[0]: 1
2020/02/22-22:09:45.137889 3b8 Options.max_bytes_for_level_multiplier_addtl[1]: 1
2020/02/22-22:09:45.137893 3b8 Options.max_bytes_for_level_multiplier_addtl[2]: 1
2020/02/22-22:09:45.137897 3b8 Options.max_bytes_for_level_multiplier_addtl[3]: 1
2020/02/22-22:09:45.137901 3b8 Options.max_bytes_for_level_multiplier_addtl[4]: 1
2020/02/22-22:09:45.137908 3b8 Options.max_bytes_for_level_multiplier_addtl[5]: 1
2020/02/22-22:09:45.137913 3b8 Options.max_bytes_for_level_multiplier_addtl[6]: 1
2020/02/22-22:09:45.137917 3b8       Options.max_sequential_skip_in_iterations: 8
2020/02/22-22:09:45.137922 3b8                    Options.max_compaction_bytes: 1677721600
2020/02/22-22:09:45.137926 3b8                        Options.arena_block_size: 8388608
2020/02/22-22:09:45.137930 3b8   Options.soft_pending_compaction_bytes_limit: 68719476736
2020/02/22-22:09:45.137934 3b8   Options.hard_pending_compaction_bytes_limit: 274877906944
2020/02/22-22:09:45.137938 3b8       Options.rate_limit_delay_max_milliseconds: 100
2020/02/22-22:09:45.137943 3b8                Options.disable_auto_compactions: 0
2020/02/22-22:09:45.137947 3b8                        Options.compaction_style: kCompactionStyleLevel
2020/02/22-22:09:45.137952 3b8                          Options.compaction_pri: kMinOverlappingRatio
2020/02/22-22:09:45.137956 3b8 Options.compaction_options_universal.size_ratio: 1
2020/02/22-22:09:45.137960 3b8 Options.compaction_options_universal.min_merge_width: 2
2020/02/22-22:09:45.137965 3b8 Options.compaction_options_universal.max_merge_width: 4294967295
2020/02/22-22:09:45.137969 3b8 Options.compaction_options_universal.max_size_amplification_percent: 200
2020/02/22-22:09:45.137973 3b8 Options.compaction_options_universal.compression_size_percent: -1
2020/02/22-22:09:45.137978 3b8 Options.compaction_options_universal.stop_style: kCompactionStopStyleTotalSize
2020/02/22-22:09:45.137982 3b8 Options.compaction_options_fifo.max_table_files_size: 1073741824
2020/02/22-22:09:45.137986 3b8 Options.compaction_options_fifo.allow_compaction: 0
2020/02/22-22:09:45.137990 3b8                   Options.table_properties_collectors: 
2020/02/22-22:09:45.137995 3b8                   Options.inplace_update_support: 0
2020/02/22-22:09:45.137999 3b8                 Options.inplace_update_num_locks: 10000
2020/02/22-22:09:45.138004 3b8               Options.memtable_prefix_bloom_size_ratio: 0.000000
2020/02/22-22:09:45.138008 3b8               Options.memtable_whole_key_filtering: 0
2020/02/22-22:09:45.138012 3b8   Options.memtable_huge_page_size: 0
2020/02/22-22:09:45.138017 3b8                           Options.bloom_locality: 0
2020/02/22-22:09:45.138021 3b8                    Options.max_successive_merges: 0
2020/02/22-22:09:45.138025 3b8                Options.optimize_filters_for_hits: 0
2020/02/22-22:09:45.138029 3b8                Options.paranoid_file_checks: 0
2020/02/22-22:09:45.138033 3b8                Options.force_consistency_checks: 0
2020/02/22-22:09:45.138037 3b8                Options.report_bg_io_stats: 0
2020/02/22-22:09:45.138041 3b8                               Options.ttl: 0
2020/02/22-22:09:45.138045 3b8          Options.periodic_compaction_seconds: 0
2020/02/22-22:09:45.138228 3b8 [column_family.cc:489] --------------- Options for column family [schemas]:
2020/02/22-22:09:45.138234 3b8               Options.comparator: leveldb.BytewiseComparator
2020/02/22-22:09:45.138238 3b8           Options.merge_operator: None
2020/02/22-22:09:45.138242 3b8        Options.compaction_filter: None
2020/02/22-22:09:45.138246 3b8        Options.compaction_filter_factory: None
2020/02/22-22:09:45.138250 3b8         Options.memtable_factory: SkipListFactory
2020/02/22-22:09:45.138254 3b8            Options.table_factory: BlockBasedTable
2020/02/22-22:09:45.138286 3b8            table_factory options:   flush_block_policy_factory: FlushBlockBySizePolicyFactory (0000000000CB7170)
  cache_index_and_filter_blocks: 0
  cache_index_and_filter_blocks_with_high_priority: 1
  pin_l0_filter_and_index_blocks_in_cache: 0
  pin_top_level_index_and_filter: 1
  index_type: 0
  data_block_index_type: 0
  index_shortening: 1
  data_block_hash_table_util_ratio: 0.750000
  hash_index_allow_collision: 1
  checksum: 1
  no_block_cache: 0
  block_cache: 0000000000D28990
  block_cache_name: LRUCache
  block_cache_options:
    capacity : 8388608
    num_shard_bits : 4
    strict_capacity_limit : 0
    memory_allocator : None
    high_pri_pool_ratio: 0.000
  block_cache_compressed: 0000000000000000
  persistent_cache: 0000000000000000
  block_size: 4096
  block_size_deviation: 10
  block_restart_interval: 16
  index_block_restart_interval: 1
  metadata_block_size: 4096
  partition_filters: 0
  use_delta_encoding: 1
  filter_policy: nullptr
  whole_key_filtering: 1
  verify_compression: 0
  read_amp_bytes_per_bit: 0
  format_version: 2
  enable_index_compression: 1
  block_align: 0
2020/02/22-22:09:45.138314 3b8        Options.write_buffer_size: 67108864
2020/02/22-22:09:45.138319 3b8  Options.max_write_buffer_number: 2
2020/02/22-22:09:45.138323 3b8          Options.compression: Snappy
2020/02/22-22:09:45.138327 3b8                  Options.bottommost_compression: Disabled
2020/02/22-22:09:45.138331 3b8       Options.prefix_extractor: nullptr
2020/02/22-22:09:45.138335 3b8   Options.memtable_insert_with_hint_prefix_extractor: nullptr
2020/02/22-22:09:45.138339 3b8             Options.num_levels: 7
2020/02/22-22:09:45.138343 3b8        Options.min_write_buffer_number_to_merge: 1
2020/02/22-22:09:45.138347 3b8     Options.max_write_buffer_number_to_maintain: 0
2020/02/22-22:09:45.138351 3b8     Options.max_write_buffer_size_to_maintain: 0
2020/02/22-22:09:45.138356 3b8            Options.bottommost_compression_opts.window_bits: -14
2020/02/22-22:09:45.138360 3b8                  Options.bottommost_compression_opts.level: 32767
2020/02/22-22:09:45.138364 3b8               Options.bottommost_compression_opts.strategy: 0
2020/02/22-22:09:45.138368 3b8         Options.bottommost_compression_opts.max_dict_bytes: 0
2020/02/22-22:09:45.138373 3b8         Options.bottommost_compression_opts.zstd_max_train_bytes: 0
2020/02/22-22:09:45.138377 3b8                  Options.bottommost_compression_opts.enabled: false
2020/02/22-22:09:45.138381 3b8            Options.compression_opts.window_bits: -14
2020/02/22-22:09:45.138386 3b8                  Options.compression_opts.level: 32767
2020/02/22-22:09:45.138391 3b8               Options.compression_opts.strategy: 0
2020/02/22-22:09:45.138396 3b8         Options.compression_opts.max_dict_bytes: 0
2020/02/22-22:09:45.138400 3b8         Options.compression_opts.zstd_max_train_bytes: 0
2020/02/22-22:09:45.138405 3b8                  Options.compression_opts.enabled: false
2020/02/22-22:09:45.138410 3b8      Options.level0_file_num_compaction_trigger: 4
2020/02/22-22:09:45.138414 3b8          Options.level0_slowdown_writes_trigger: 20
2020/02/22-22:09:45.138418 3b8              Options.level0_stop_writes_trigger: 36
2020/02/22-22:09:45.138422 3b8                   Options.target_file_size_base: 67108864
2020/02/22-22:09:45.138426 3b8             Options.target_file_size_multiplier: 1
2020/02/22-22:09:45.138431 3b8                Options.max_bytes_for_level_base: 268435456
2020/02/22-22:09:45.138435 3b8                      Options.snap_refresh_nanos: 0
2020/02/22-22:09:45.138439 3b8 Options.level_compaction_dynamic_level_bytes: 0
2020/02/22-22:09:45.138443 3b8          Options.max_bytes_for_level_multiplier: 10.000000
2020/02/22-22:09:45.138448 3b8 Options.max_bytes_for_level_multiplier_addtl[0]: 1
2020/02/22-22:09:45.138452 3b8 Options.max_bytes_for_level_multiplier_addtl[1]: 1
2020/02/22-22:09:45.138456 3b8 Options.max_bytes_for_level_multiplier_addtl[2]: 1
2020/02/22-22:09:45.138460 3b8 Options.max_bytes_for_level_multiplier_addtl[3]: 1
2020/02/22-22:09:45.138464 3b8 Options.max_bytes_for_level_multiplier_addtl[4]: 1
2020/02/22-22:09:45.138468 3b8 Options.max_bytes_for_level_multiplier_addtl[5]: 1
2020/02/22-22:09:45.138472 3b8 Options.max_bytes_for_level_multiplier_addtl[6]: 1
2020/02/22-22:09:45.138476 3b8       Options.max_sequential_skip_in_iterations: 8
2020/02/22-22:09:45.138480 3b8                    Options.max_compaction_bytes: 1677721600
2020/02/22-22:09:45.138485 3b8                        Options.arena_block_size: 8388608
2020/02/22-22:09:45.138489 3b8   Options.soft_pending_compaction_bytes_limit: 68719476736
2020/02/22-22:09:45.138493 3b8   Options.hard_pending_compaction_bytes_limit: 274877906944
2020/02/22-22:09:45.138498 3b8       Options.rate_limit_delay_max_milliseconds: 100
2020/02/22-22:09:45.138503 3b8                Options.disable_auto_compactions: 0
2020/02/22-22:09:45.138507 3b8                        Options.compaction_style: kCompactionStyleLevel
2020/02/22-22:09:45.138511 3b8                          Options.compaction_pri: kMinOverlappingRatio
2020/02/22-22:09:45.138515 3b8 Options.compaction_options_universal.size_ratio: 1
2020/02/22-22:09:45.138520 3b8 Options.compaction_options_universal.min_merge_width: 2
2020/02/22-22:09:45.138524 3b8 Options.compaction_options_universal.max_merge_width: 4294967295
2020/02/22-22:09:45.138528 3b8 Options.compaction_options_universal.max_size_amplification_percent: 200
2020/02/22-22:09:45.138533 3b8 Options.compaction_options_universal.compression_size_percent: -1
2020/02/22-22:09:45.138537 3b8 Options.compaction_options_universal.stop_style: kCompactionStopStyleTotalSize
2020/02/22-22:09:45.138541 3b8 Options.compaction_options_fifo.max_table_files_size: 1073741824
2020/02/22-22:09:45.138545 3b8 Options.compaction_options_fifo.allow_compaction: 0
2020/02/22-22:09:45.138549 3b8                   Options.table_properties_collectors: 
2020/02/22-22:09:45.138554 3b8                   Options.inplace_update_support: 0
2020/02/22-22:09:45.138558 3b8                 Options.inplace_update_num_locks: 10000
2020/02/22-22:09:45.138563 3b8               Options.memtable_prefix_bloom_size_ratio: 0.000000
2020/02/22-22:09:45.138567 3b8               Options.memtable_whole_key_filtering: 0
2020/02/22-22:09:45.138571 3b8   Options.memtable_huge_page_size: 0
2020/02/22-22:09:45.138575 3b8                           Options.bloom_locality: 0
2020/02/22-22:09:45.138579 3b8                    Options.max_successive_merges: 0
2020/02/22-22:09:45.138583 3b8                Options.optimize_filters_for_hits: 0
2020/02/22-22:09:45.138587 3b8                Options.paranoid_file_checks: 0
2020/02/22-22:09:45.138591 3b8                Options.force_consistency_checks: 0
2020/02/22-22:09:45.138595 3b8                Options.report_bg_io_stats: 0
2020/02/22-22:09:45.138599 3b8                               Options.ttl: 0
2020/02/22-22:09:45.138603 3b8          Options.periodic_compaction_seconds: 0
2020/02/22-22:09:45.138638 3b8 [column_family.cc:489] --------------- Options for column family [schemaChildren]:
2020/02/22-22:09:45.138643 3b8               Options.comparator: leveldb.BytewiseComparator
2020/02/22-22:09:45.138647 3b8           Options.merge_operator: None
2020/02/22-22:09:45.138651 3b8        Options.compaction_filter: None
2020/02/22-22:09:45.138655 3b8        Options.compaction_filter_factory: None
2020/02/22-22:09:45.138659 3b8         Options.memtable_factory: SkipListFactory
2020/02/22-22:09:45.138663 3b8            Options.table_factory: BlockBasedTable
2020/02/22-22:09:45.138684 3b8            table_factory options:   flush_block_policy_factory: FlushBlockBySizePolicyFactory (0000000000CB71E0)
  cache_index_and_filter_blocks: 0
  cache_index_and_filter_blocks_with_high_priority: 1
  pin_l0_filter_and_index_blocks_in_cache: 0
  pin_top_level_index_and_filter: 1
  index_type: 0
  data_block_index_type: 0
  index_shortening: 1
  data_block_hash_table_util_ratio: 0.750000
  hash_index_allow_collision: 1
  checksum: 1
  no_block_cache: 0
  block_cache: 0000000000D284C0
  block_cache_name: LRUCache
  block_cache_options:
    capacity : 8388608
    num_shard_bits : 4
    strict_capacity_limit : 0
    memory_allocator : None
    high_pri_pool_ratio: 0.000
  block_cache_compressed: 0000000000000000
  persistent_cache: 0000000000000000
  block_size: 4096
  block_size_deviation: 10
  block_restart_interval: 16
  index_block_restart_interval: 1
  metadata_block_size: 4096
  partition_filters: 0
  use_delta_encoding: 1
  filter_policy: nullptr
  whole_key_filtering: 1
  verify_compression: 0
  read_amp_bytes_per_bit: 0
  format_version: 2
  enable_index_compression: 1
  block_align: 0
2020/02/22-22:09:45.138689 3b8        Options.write_buffer_size: 67108864
2020/02/22-22:09:45.138694 3b8  Options.max_write_buffer_number: 2
2020/02/22-22:09:45.138699 3b8          Options.compression: Snappy
2020/02/22-22:09:45.138703 3b8                  Options.bottommost_compression: Disabled
2020/02/22-22:09:45.138707 3b8       Options.prefix_extractor: nullptr
2020/02/22-22:09:45.138711 3b8   Options.memtable_insert_with_hint_prefix_extractor: nullptr
2020/02/22-22:09:45.138715 3b8             Options.num_levels: 7
2020/02/22-22:09:45.138719 3b8        Options.min_write_buffer_number_to_merge: 1
2020/02/22-22:09:45.138723 3b8     Options.max_write_buffer_number_to_maintain: 0
2020/02/22-22:09:45.138727 3b8     Options.max_write_buffer_size_to_maintain: 0
2020/02/22-22:09:45.138731 3b8            Options.bottommost_compression_opts.window_bits: -14
2020/02/22-22:09:45.138735 3b8                  Options.bottommost_compression_opts.level: 32767
2020/02/22-22:09:45.138739 3b8               Options.bottommost_compression_opts.strategy: 0
2020/02/22-22:09:45.138743 3b8         Options.bottommost_compression_opts.max_dict_bytes: 0
2020/02/22-22:09:45.138748 3b8         Options.bottommost_compression_opts.zstd_max_train_bytes: 0
2020/02/22-22:09:45.138752 3b8                  Options.bottommost_compression_opts.enabled: false
2020/02/22-22:09:45.138756 3b8            Options.compression_opts.window_bits: -14
2020/02/22-22:09:45.138760 3b8                  Options.compression_opts.level: 32767
2020/02/22-22:09:45.138764 3b8               Options.compression_opts.strategy: 0
2020/02/22-22:09:45.138768 3b8         Options.compression_opts.max_dict_bytes: 0
2020/02/22-22:09:45.138772 3b8         Options.compression_opts.zstd_max_train_bytes: 0
2020/02/22-22:09:45.138776 3b8                  Options.compression_opts.enabled: false
2020/02/22-22:09:45.138780 3b8      Options.level0_file_num_compaction_trigger: 4
2020/02/22-22:09:45.138784 3b8          Options.level0_slowdown_writes_trigger: 20
2020/02/22-22:09:45.138788 3b8              Options.level0_stop_writes_trigger: 36
2020/02/22-22:09:45.138792 3b8                   Options.target_file_size_base: 67108864
2020/02/22-22:09:45.138797 3b8             Options.target_file_size_multiplier: 1
2020/02/22-22:09:45.138800 3b8                Options.max_bytes_for_level_base: 268435456
2020/02/22-22:09:45.138804 3b8                      Options.snap_refresh_nanos: 0
2020/02/22-22:09:45.138808 3b8 Options.level_compaction_dynamic_level_bytes: 0
2020/02/22-22:09:45.138812 3b8          Options.max_bytes_for_level_multiplier: 10.000000
2020/02/22-22:09:45.138817 3b8 Options.max_bytes_for_level_multiplier_addtl[0]: 1
2020/02/22-22:09:45.138821 3b8 Options.max_bytes_for_level_multiplier_addtl[1]: 1
2020/02/22-22:09:45.138825 3b8 Options.max_bytes_for_level_multiplier_addtl[2]: 1
2020/02/22-22:09:45.138829 3b8 Options.max_bytes_for_level_multiplier_addtl[3]: 1
2020/02/22-22:09:45.138833 3b8 Options.max_bytes_for_level_multiplier_addtl[4]: 1
2020/02/22-22:09:45.138837 3b8 Options.max_bytes_for_level_multiplier_addtl[5]: 1
2020/02/22-22:09:45.138841 3b8 Options.max_bytes_for_level_multiplier_addtl[6]: 1
2020/02/22-22:09:45.138845 3b8       Options.max_sequential_skip_in_iterations: 8
2020/02/22-22:09:45.138850 3b8                    Options.max_compaction_bytes: 1677721600
2020/02/22-22:09:45.138854 3b8                        Options.arena_block_size: 8388608
2020/02/22-22:09:45.138858 3b8   Options.soft_pending_compaction_bytes_limit: 68719476736
2020/02/22-22:09:45.138862 3b8   Options.hard_pending_compaction_bytes_limit: 274877906944
2020/02/22-22:09:45.138866 3b8       Options.rate_limit_delay_max_milliseconds: 100
2020/02/22-22:09:45.138870 3b8                Options.disable_auto_compactions: 0
2020/02/22-22:09:45.138875 3b8                        Options.compaction_style: kCompactionStyleLevel
2020/02/22-22:09:45.138879 3b8                          Options.compaction_pri: kMinOverlappingRatio
2020/02/22-22:09:45.138883 3b8 Options.compaction_options_universal.size_ratio: 1
2020/02/22-22:09:45.138887 3b8 Options.compaction_options_universal.min_merge_width: 2
2020/02/22-22:09:45.138892 3b8 Options.compaction_options_universal.max_merge_width: 4294967295
2020/02/22-22:09:45.138896 3b8 Options.compaction_options_universal.max_size_amplification_percent: 200
2020/02/22-22:09:45.138901 3b8 Options.compaction_options_universal.compression_size_percent: -1
2020/02/22-22:09:45.138905 3b8 Options.compaction_options_universal.stop_style: kCompactionStopStyleTotalSize
2020/02/22-22:09:45.138909 3b8 Options.compaction_options_fifo.max_table_files_size: 1073741824
2020/02/22-22:09:45.138913 3b8 Options.compaction_options_fifo.allow_compaction: 0
2020/02/22-22:09:45.138917 3b8                   Options.table_properties_collectors: 
2020/02/22-22:09:45.138921 3b8                   Options.inplace_update_support: 0
2020/02/22-22:09:45.138925 3b8                 Options.inplace_update_num_locks: 10000
2020/02/22-22:09:45.138929 3b8               Options.memtable_prefix_bloom_size_ratio: 0.000000
2020/02/22-22:09:45.138933 3b8               Options.memtable_whole_key_filtering: 0
2020/02/22-22:09:45.138938 3b8   Options.memtable_huge_page_size: 0
2020/02/22-22:09:45.138942 3b8                           Options.bloom_locality: 0
2020/02/22-22:09:45.138946 3b8                    Options.max_successive_merges: 0
2020/02/22-22:09:45.138950 3b8                Options.optimize_filters_for_hits: 0
2020/02/22-22:09:45.138954 3b8                Options.paranoid_file_checks: 0
2020/02/22-22:09:45.138958 3b8                Options.force_consistency_checks: 0
2020/02/22-22:09:45.138962 3b8                Options.report_bg_io_stats: 0
2020/02/22-22:09:45.138966 3b8                               Options.ttl: 0
2020/02/22-22:09:45.138970 3b8          Options.periodic_compaction_seconds: 0
2020/02/22-22:09:45.138996 3b8 [column_family.cc:489] --------------- Options for column family [tables]:
2020/02/22-22:09:45.139001 3b8               Options.comparator: leveldb.BytewiseComparator
2020/02/22-22:09:45.139005 3b8           Options.merge_operator: None
2020/02/22-22:09:45.139009 3b8        Options.compaction_filter: None
2020/02/22-22:09:45.139013 3b8        Options.compaction_filter_factory: None
2020/02/22-22:09:45.139017 3b8         Options.memtable_factory: SkipListFactory
2020/02/22-22:09:45.139021 3b8            Options.table_factory: BlockBasedTable
2020/02/22-22:09:45.139044 3b8            table_factory options:   flush_block_policy_factory: FlushBlockBySizePolicyFactory (0000000000CB7180)
  cache_index_and_filter_blocks: 0
  cache_index_and_filter_blocks_with_high_priority: 1
  pin_l0_filter_and_index_blocks_in_cache: 0
  pin_top_level_index_and_filter: 1
  index_type: 0
  data_block_index_type: 0
  index_shortening: 1
  data_block_hash_table_util_ratio: 0.750000
  hash_index_allow_collision: 1
  checksum: 1
  no_block_cache: 0
  block_cache: 0000000000D28150
  block_cache_name: LRUCache
  block_cache_options:
    capacity : 8388608
    num_shard_bits : 4
    strict_capacity_limit : 0
    memory_allocator : None
    high_pri_pool_ratio: 0.000
  block_cache_compressed: 0000000000000000
  persistent_cache: 0000000000000000
  block_size: 4096
  block_size_deviation: 10
  block_restart_interval: 16
  index_block_restart_interval: 1
  metadata_block_size: 4096
  partition_filters: 0
  use_delta_encoding: 1
  filter_policy: nullptr
  whole_key_filtering: 1
  verify_compression: 0
  read_amp_bytes_per_bit: 0
  format_version: 2
  enable_index_compression: 1
  block_align: 0
2020/02/22-22:09:45.139049 3b8        Options.write_buffer_size: 67108864
2020/02/22-22:09:45.139053 3b8  Options.max_write_buffer_number: 2
2020/02/22-22:09:45.139057 3b8          Options.compression: Snappy
2020/02/22-22:09:45.139061 3b8                  Options.bottommost_compression: Disabled
2020/02/22-22:09:45.139065 3b8       Options.prefix_extractor: nullptr
2020/02/22-22:09:45.139069 3b8   Options.memtable_insert_with_hint_prefix_extractor: nullptr
2020/02/22-22:09:45.139073 3b8             Options.num_levels: 7
2020/02/22-22:09:45.139077 3b8        Options.min_write_buffer_number_to_merge: 1
2020/02/22-22:09:45.139081 3b8     Options.max_write_buffer_number_to_maintain: 0
2020/02/22-22:09:45.139111 3b8     Options.max_write_buffer_size_to_maintain: 0
2020/02/22-22:09:45.139116 3b8            Options.bottommost_compression_opts.window_bits: -14
2020/02/22-22:09:45.139121 3b8                  Options.bottommost_compression_opts.level: 32767
2020/02/22-22:09:45.139125 3b8               Options.bottommost_compression_opts.strategy: 0
2020/02/22-22:09:45.139129 3b8         Options.bottommost_compression_opts.max_dict_bytes: 0
2020/02/22-22:09:45.139134 3b8         Options.bottommost_compression_opts.zstd_max_train_bytes: 0
2020/02/22-22:09:45.139138 3b8                  Options.bottommost_compression_opts.enabled: false
2020/02/22-22:09:45.139142 3b8            Options.compression_opts.window_bits: -14
2020/02/22-22:09:45.139146 3b8                  Options.compression_opts.level: 32767
2020/02/22-22:09:45.139150 3b8               Options.compression_opts.strategy: 0
2020/02/22-22:09:45.139155 3b8         Options.compression_opts.max_dict_bytes: 0
2020/02/22-22:09:45.139159 3b8         Options.compression_opts.zstd_max_train_bytes: 0
2020/02/22-22:09:45.139163 3b8                  Options.compression_opts.enabled: false
2020/02/22-22:09:45.139167 3b8      Options.level0_file_num_compaction_trigger: 4
2020/02/22-22:09:45.139171 3b8          Options.level0_slowdown_writes_trigger: 20
2020/02/22-22:09:45.139175 3b8              Options.level0_stop_writes_trigger: 36
2020/02/22-22:09:45.139179 3b8                   Options.target_file_size_base: 67108864
2020/02/22-22:09:45.139183 3b8             Options.target_file_size_multiplier: 1
2020/02/22-22:09:45.139187 3b8                Options.max_bytes_for_level_base: 268435456
2020/02/22-22:09:45.139191 3b8                      Options.snap_refresh_nanos: 0
2020/02/22-22:09:45.139195 3b8 Options.level_compaction_dynamic_level_bytes: 0
2020/02/22-22:09:45.139199 3b8          Options.max_bytes_for_level_multiplier: 10.000000
2020/02/22-22:09:45.139204 3b8 Options.max_bytes_for_level_multiplier_addtl[0]: 1
2020/02/22-22:09:45.139208 3b8 Options.max_bytes_for_level_multiplier_addtl[1]: 1
2020/02/22-22:09:45.139212 3b8 Options.max_bytes_for_level_multiplier_addtl[2]: 1
2020/02/22-22:09:45.139216 3b8 Options.max_bytes_for_level_multiplier_addtl[3]: 1
2020/02/22-22:09:45.139220 3b8 Options.max_bytes_for_level_multiplier_addtl[4]: 1
2020/02/22-22:09:45.139224 3b8 Options.max_bytes_for_level_multiplier_addtl[5]: 1
2020/02/22-22:09:45.139228 3b8 Options.max_bytes_for_level_multiplier_addtl[6]: 1
2020/02/22-22:09:45.139232 3b8       Options.max_sequential_skip_in_iterations: 8
2020/02/22-22:09:45.139236 3b8                    Options.max_compaction_bytes: 1677721600
2020/02/22-22:09:45.139240 3b8                        Options.arena_block_size: 8388608
2020/02/22-22:09:45.139244 3b8   Options.soft_pending_compaction_bytes_limit: 68719476736
2020/02/22-22:09:45.139248 3b8   Options.hard_pending_compaction_bytes_limit: 274877906944
2020/02/22-22:09:45.139252 3b8       Options.rate_limit_delay_max_milliseconds: 100
2020/02/22-22:09:45.139256 3b8                Options.disable_auto_compactions: 0
2020/02/22-22:09:45.139260 3b8                        Options.compaction_style: kCompactionStyleLevel
2020/02/22-22:09:45.139264 3b8                          Options.compaction_pri: kMinOverlappingRatio
2020/02/22-22:09:45.139268 3b8 Options.compaction_options_universal.size_ratio: 1
2020/02/22-22:09:45.139272 3b8 Options.compaction_options_universal.min_merge_width: 2
2020/02/22-22:09:45.139276 3b8 Options.compaction_options_universal.max_merge_width: 4294967295
2020/02/22-22:09:45.139280 3b8 Options.compaction_options_universal.max_size_amplification_percent: 200
2020/02/22-22:09:45.139285 3b8 Options.compaction_options_universal.compression_size_percent: -1
2020/02/22-22:09:45.139289 3b8 Options.compaction_options_universal.stop_style: kCompactionStopStyleTotalSize
2020/02/22-22:09:45.139293 3b8 Options.compaction_options_fifo.max_table_files_size: 1073741824
2020/02/22-22:09:45.139297 3b8 Options.compaction_options_fifo.allow_compaction: 0
2020/02/22-22:09:45.139302 3b8                   Options.table_properties_collectors: 
2020/02/22-22:09:45.139306 3b8                   Options.inplace_update_support: 0
2020/02/22-22:09:45.139311 3b8                 Options.inplace_update_num_locks: 10000
2020/02/22-22:09:45.139315 3b8               Options.memtable_prefix_bloom_size_ratio: 0.000000
2020/02/22-22:09:45.139319 3b8               Options.memtable_whole_key_filtering: 0
2020/02/22-22:09:45.139323 3b8   Options.memtable_huge_page_size: 0
2020/02/22-22:09:45.139327 3b8                           Options.bloom_locality: 0
2020/02/22-22:09:45.139331 3b8                    Options.max_successive_merges: 0
2020/02/22-22:09:45.139335 3b8                Options.optimize_filters_for_hits: 0
2020/02/22-22:09:45.139339 3b8                Options.paranoid_file_checks: 0
2020/02/22-22:09:45.139343 3b8                Options.force_consistency_checks: 0
2020/02/22-22:09:45.139347 3b8                Options.report_bg_io_stats: 0
2020/02/22-22:09:45.139351 3b8                               Options.ttl: 0
2020/02/22-22:09:45.139355 3b8          Options.periodic_compaction_seconds: 0
2020/02/22-22:09:45.139383 3b8 [column_family.cc:489] --------------- Options for column family [tablesChildren]:
2020/02/22-22:09:45.139389 3b8               Options.comparator: leveldb.BytewiseComparator
2020/02/22-22:09:45.139394 3b8           Options.merge_operator: None
2020/02/22-22:09:45.139398 3b8        Options.compaction_filter: None
2020/02/22-22:09:45.139402 3b8        Options.compaction_filter_factory: None
2020/02/22-22:09:45.139407 3b8         Options.memtable_factory: SkipListFactory
2020/02/22-22:09:45.139412 3b8            Options.table_factory: BlockBasedTable
2020/02/22-22:09:45.139439 3b8            table_factory options:   flush_block_policy_factory: FlushBlockBySizePolicyFactory (0000000000CB7300)
  cache_index_and_filter_blocks: 0
  cache_index_and_filter_blocks_with_high_priority: 1
  pin_l0_filter_and_index_blocks_in_cache: 0
  pin_top_level_index_and_filter: 1
  index_type: 0
  data_block_index_type: 0
  index_shortening: 1
  data_block_hash_table_util_ratio: 0.750000
  hash_index_allow_collision: 1
  checksum: 1
  no_block_cache: 0
  block_cache: 0000000000D28D00
  block_cache_name: LRUCache
  block_cache_options:
    capacity : 8388608
    num_shard_bits : 4
    strict_capacity_limit : 0
    memory_allocator : None
    high_pri_pool_ratio: 0.000
  block_cache_compressed: 0000000000000000
  persistent_cache: 0000000000000000
  block_size: 4096
  block_size_deviation: 10
  block_restart_interval: 16
  index_block_restart_interval: 1
  metadata_block_size: 4096
  partition_filters: 0
  use_delta_encoding: 1
  filter_policy: nullptr
  whole_key_filtering: 1
  verify_compression: 0
  read_amp_bytes_per_bit: 0
  format_version: 2
  enable_index_compression: 1
  block_align: 0
2020/02/22-22:09:45.139444 3b8        Options.write_buffer_size: 67108864
2020/02/22-22:09:45.139448 3b8  Options.max_write_buffer_number: 2
2020/02/22-22:09:45.139452 3b8          Options.compression: Snappy
